0
0
2
6
9
15
15
19
16
16
10
5
-1
-8
-11
-18
-17
-21
-18
-18
-12
-7
-1
6
9
16
15
19
16
16
10
5
-1
-8
-11
-18
-17
-21
-18
-18
-12
-7
-1
6
9
16
15
19
16
16
10
5
-1
-8
-11
-18
-17
-21
-18
-18
-12
-7
-1
6
9
16
15
19
16
16
10
5
-1
-8
-11
-18
-17
-21
-18
-18
-12
-7
-1
6
9
16
15
19
16
16
10
5
-1
-8
-11
-18
-17
-21
-18
-18
-12
-7
-1
6
9
16
15
19
16
16
10
5
-1
-8
-11
-18
-17
-21
-18
-18
-12
-7
-1
6
9
16
15
19
16
16
10
5
-1
-8
-11
-18
-17
-21
-18
-18
-12
-7
-1
6
9
16
15
19
16
16
10
5
-1
-8
-11
-18
-17
-21
-18
-18
-12
-7
-1
6
9
16
15
19
16
16
10
5
-1
-8
-11
-18
-17
-21
-18
-18
-12
-7
-1
6
9
16
15
19
16
16
10
5
-1
-8
-11
-18
-17
-21
-18
-18
-12
