0
2
5
8
13
13
16
14
13
8
4
-1
-7
-11
-16
-16
-19
-17
-16
-11
-7
-2
4
8
13
13
16
14
13
8
4
-1
-7
-11
-16
-16
-19
-17
-16
-11
-7
-2
4
8
13
13
16
14
13
8
4
-1
-7
-11
-16
-16
-19
-17
-16
-11
-7
-2
4
8
13
13
16
14
13
8
4
-1
-7
-11
-16
-16
-19
-17
-16
-11
-7
-2
4
8
13
13
16
14
13
8
4
-1
-7
-11
-16
-16
-19
-17
-16
-11
-7
-2
4
8
13
13
16
14
13
8
4
-1
-7
-11
-16
-16
-19
-17
-16
-11
-7
-2
4
8
13
13
16
14
13
8
4
-1
-7
-11
-16
-16
-19
-17
-16
-11
-7
-2
4
8
13
13
16
14
13
8
4
-1
-7
-11
-16
-16
-19
-17
-16
-11
-7
-2
4
8
13
13
16
14
13
8
4
-1
-7
-11
-16
-16
-19
-17
-16
-11
-7
-2
4
8
13
13
16
14
13
8
4
-1
-7
-11
-16
-16
-19
-17
-16
-11
-7
